
R = 232;
G = 233;
B = 240;

RGB = [R; G; B];
const = [16;128;128];
c = [0.257, 0.504, 0.098; -0.148, -0.291, 0.439; 0.439, -0.368, -0.071];

YUV =  (c*RGB+const)